"";"loading1";"loading2";"correlation";"n";"Rejection_rate_htmt_09";"Rejection_rate_htmt_095";"Rejection_rate_htmt_099";"Rejection_CI_09";"Rejection_CI_095";"Rejection_CI_099";"Rejection_boot_09";"Rejection_boot_095";"Rejection_boot_099";"comp_time_delta";"comp_time_boot"
"1";0,5;0,7;0,5;50;0,915;0,856;0,619;0,001;0,001;0;0,873;0,771;0,481;0.0178005058765411;3.55464955615997
"2";0,5;0,7;0,5;100;0,996;0,987;0,944;0;0;0;0,991;0,974;0,881;0.0188721823692322;3.84355724811554
"3";0,5;0,7;0,5;200;1;1;0,999;0;0;0;1;1;0,998;0.0207565979957581;3.87126717758179
"4";0,5;0,7;0,5;500;1;1;1;0;0;0;1;1;1;0.026147935628891;3.86360214877129
"5";0,5;0,7;0,7;50;0,709;0,571;0,288;0;0;0;0,618;0,45;0,196;0.016871068239212;3.55038851618767
"6";0,5;0,7;0,7;100;0,899;0,811;0,596;0;0;0;0,864;0,771;0,524;0.0171242010593414;3.45650873112679
"7";0,5;0,7;0,7;200;0,991;0,983;0,939;0;0;0;0,99;0,978;0,911;0.0203508965969086;3.80159532642364
"8";0,5;0,7;0,7;500;1;1;1;0;0;0;1;1;1;0.028894896030426;4.39323324680328
"9";0,5;0,7;0,8;50;0,515515515515516;0,352352352352352;0,126126126126126;0;0;0;0,419419419419419;0,265265265265265;0,0850850850850851;0.0223924412025704;4.85306661718481
"10";0,5;0,7;0,8;100;0,726;0,594;0,312;0;0;0;0,68;0,524;0,261;0.0243551950454712;5.01485943961143
"11";0,5;0,7;0,8;200;0,924;0,86;0,639;0;0;0;0,91;0,826;0,59;0.0253335473537445;4.95154068303108
"12";0,5;0,7;0,8;500;1;0,998;0,973;0;0;0;1;0,997;0,971;0.0385245654582977;5.64015337967873
"13";0,5;0,7;0,9;50;0,261261261261261;0,16016016016016;0,035035035035035;0;0;0;0,21021021021021;0,11011011011011;0,029029029029029;0.0191131576045497;4.00074546664088
"14";0,5;0,7;0,9;100;0,36;0,228;0,077;0;0;0;0,307;0,193;0,06;0.0194529683589935;3.86719732546806
"15";0,5;0,7;0,9;200;0,585;0,431;0,161;0;0;0;0,543;0,405;0,15;0.0210527222156525;3.88138945651054
"16";0,5;0,7;0,9;500;0,847;0,742;0,488;0;0;0;0,833;0,72;0,468;0.0469678680896759;6.95260844373703
"17";0,5;0,7;1;50;0,0780780780780781;0,032032032032032;0,00600600600600601;0;0;0;0,0500500500500501;0,024024024024024;0,003003003003003;0.0287445698891793;5.92721882262626
"18";0,5;0,7;1;100;0,078;0,041;0,006;0;0;0;0,068;0,033;0,006;0.0209695477485657;4.27510016918182
"19";0,5;0,7;1;200;0,069;0,032;0,002;0;0;0;0,066;0,031;0,002;0.0228973658084869;4.3058587539196
"20";0,5;0,7;1;500;0,091;0,046;0,012;0;0;0;0,085;0,044;0,012;0.0328202457427978;4.92347281289101
"21";0,5;0,9;0,5;50;0,959;0,916;0,799;0;0;0;0,915;0,845;0,618;0.0207458131313324;4.64359786128998
"22";0,5;0,9;0,5;100;0,998;0,997;0,983;0;0;0;0,999;0,992;0,937;0.0219603869915009;4.66557973027229
"23";0,5;0,9;0,5;200;1;1;0,999;0;0;0;1;1;0,999;0.0242881278991699;4.64370628738403
"24";0,5;0,9;0,5;500;1;1;1;0;0;0;1;1;1;0.0322272436618805;4.85876441287994
"25";0,5;0,9;0,7;50;0,815;0,724;0,459;0;0;0;0,746;0,61;0,337;0.0238189661502838;5.1400830039978
"26";0,5;0,9;0,7;100;0,956;0,935;0,821;0;0;0;0,944;0,899;0,714;0.0243539378643036;4.83024547338486
"27";0,5;0,9;0,7;200;1;0,998;0,992;0;0;0;0,998;0,998;0,968;0.0251533563137054;4.67674457240105
"28";0,5;0,9;0,7;500;1;1;1;0;0;0;1;1;1;0.0262212479114532;3.86392333745956
"29";0,5;0,9;0,8;50;0,601601601601602;0,454454454454454;0,183183183183183;0;0;0;0,507507507507508;0,336336336336336;0,129129129129129;0.0163710076768358;3.43082219225031
"30";0,5;0,9;0,8;100;0,836;0,748;0,488;0;0;0;0,79;0,673;0,409;0.0173451161384583;3.47863811635971
"31";0,5;0,9;0,8;200;0,979;0,953;0,828;0;0;0;0,969;0,934;0,762;0.0187673056125641;3.47798226094246
"32";0,5;0,9;0,8;500;1;1;0,998;0;0;0;1;0,999;0,994;0.0246049036979675;3.5667945330143
"33";0,5;0,9;0,9;50;0,370741482965932;0,228456913827655;0,0681362725450902;0;0;0;0,295591182364729;0,17434869739479;0,0551102204408818;0.0162755205540475;3.36979676774126
"34";0,5;0,9;0,9;100;0,466;0,355;0,131;0;0;0;0,424;0,298;0,109;0.0170369114875793;3.39924321889877
"35";0,5;0,9;0,9;200;0,723;0,596;0,345;0;0;0;0,694;0,538;0,301;0.0184930546283722;3.44139598155022
"36";0,5;0,9;0,9;500;0,94;0,88;0,728;0;0;0;0,934;0,867;0,702;0.0243468787670135;3.54891028571129
"37";0,5;0,9;1;50;0,097;0,046;0,004;0;0;0;0,07;0,03;0,004;0.0163091881275177;3.37477525925636
"38";0,5;0,9;1;100;0,107;0,051;0,008;0;0;0;0,09;0,044;0,008;0.0174861297607422;3.47892510390282
"39";0,5;0,9;1;200;0,081;0,042;0,006;0;0;0;0,072;0,038;0,007;0.0188799080848694;3.47225610017776
"40";0,5;0,9;1;500;0,095;0,051;0,01;0;0;0;0,09;0,046;0,008;0.0255841679573059;3.70405920052528
"41";0,7;0,9;0,5;50;1;1;0,992;0;0;0;1;1;0,998;0.0162224645614624;3.38300150942802
"42";0,7;0,9;0,5;100;1;1;1;0;0;0;1;1;1;0.0173645808696747;3.46855593681335
"43";0,7;0,9;0,5;200;1;1;1;0;0;0;1;1;1;0.0186335852146149;3.42789653539658
"44";0,7;0,9;0,5;500;1;1;1;0;0;0;1;1;1;0.0241018927097321;3.52961141848564
"45";0,7;0,9;0,7;50;0,997;0,995;0,927;0;0;0;0,997;0,993;0,948;0.0162768445014954;3.39922271966934
"46";0,7;0,9;0,7;100;1;1;0,999;0;0;0;1;1;0,999;0.0168839640617371;3.35747427177429
"47";0,7;0,9;0,7;200;1;1;1;0;0;0;1;1;1;0.0183470578193665;3.36107886886597
"48";0,7;0,9;0,7;500;1;1;1;0;0;0;1;1;1;0.0240431406497955;3.4622153866291
"49";0,7;0,9;0,8;50;0,963;0,909;0,646;0;0;0;0,954;0,904;0,717;0.016328577041626;3.32532675075531
"50";0,7;0,9;0,8;100;1;0,999;0,975;0;0;0;1;0,998;0,984;0.016874760389328;3.37706596755981
"51";0,7;0,9;0,8;200;1;1;1;0;0;0;1;1;1;0.0181449735164642;3.35244901180267
"52";0,7;0,9;0,8;500;1;1;1;0;0;0;1;1;1;0.023749347448349;3.43798300886154
"53";0,7;0,9;0,9;50;0,717;0,544;0,212;0;0;0;0,691;0,56;0,275;0.0159163558483124;3.30418902564049
"54";0,7;0,9;0,9;100;0,924;0,858;0,59;0;0;0;0,922;0,862;0,637;0.0167539405822754;3.35962006783485
"55";0,7;0,9;0,9;200;0,992;0,982;0,925;0;0;0;0,991;0,981;0,945;0.0180628869533539;3.32469240212441
"56";0,7;0,9;0,9;500;1;1;1;0;0;0;1;1;1;0.0237461652755737;3.43153977060318
"57";0,7;0,9;1;50;0,067;0,021;0,001;0;0;0;0,07;0,023;0,001;0.0159748384952545;3.33502170681953
"58";0,7;0,9;1;100;0,077;0,034;0,005;0;0;0;0,083;0,04;0,008;0.0164289054870605;3.28962076544762
"59";0,7;0,9;1;200;0,076;0,041;0,006;0;0;0;0,08;0,038;0,01;0.0180833885669708;3.33032530236244
"60";0,7;0,9;1;500;0,081;0,042;0,007;0;0;0;0,082;0,044;0,012;0.0235585074424744;3.41507482194901
