2.48027707374007	-0.0225048033108307	1.91125895424965	0.765606923274366	1.31998126311377	0.96920988151354
-1.34204290213397	0.173842579216028	-0.455349696644685	0.498325271212746	-0.574775248615835	0.00591785394564723
-0.378923627286231	-1.24530554050131	-0.567725355212239	-0.727911514379471	-2.11000282356196	-1.65352505544307
2.17787312367027	3.08770583748621	2.06304336443603	2.55270177301793	2.64782857397438	1.84193734305512
-0.129942365686069	-0.0443567386418912	1.03827085049572	-1.72494851227271	-0.967009813698309	-0.7334608777591
-0.181364357529381	-1.3407642572899	0.286787098306673	0.351326622433479	-1.41946108559804	-0.801702968963293
-0.704063371839359	-0.00909966773449521	1.26941103272023	0.757277681091486	1.20721160512233	1.08895432592815
0.723084887996274	1.30072071798964	0.354620215334882	0.727593854798037	-0.13631742096857	0.363710514488978
0.883947943316818	0.607019883791216	0.642910304488297	0.722281293615672	-0.0734776676007641	0.68645180048901
0.44267383340165	1.03621885819489	1.20122445528959	0.635475556088588	0.434256734632914	1.79001902579883
-0.719198901937729	0.735012098612515	0.575289432992028	0.523747791921888	0.839822005958908	1.02915372561598
-0.23772910871423	1.49957750957857	1.18490786947573	0.874387427335838	1.28643278369709	1.58805690055896
1.54106775840434	-0.170567768064268	0.876048914551174	1.10316038631612	1.05077196789006	0.332190399851142
0.843408790564428	-0.285207672033467	0.174770151360902	-0.501628107049073	0.0535967128527181	-0.709191868873649
-1.38334023646699	-1.40314269487686	-0.361407216184493	-1.06004720889007	-0.951024890240792	-0.683280723129054
-0.611819730799773	0.695013078885146	0.367380544314749	1.04145689730132	-0.0414996679985665	-0.809325994352622
-0.0258858615709344	-1.54810555651119	-0.0106985281496933	1.56261240308826	2.46812140060956	0.666175223652416
2.35614890830279	-0.160264058706441	0.778933700709471	1.44870584857895	0.501655329764459	0.616769197991604
1.49501987027431	0.318241219192792	0.8798644672412	0.548882604849821	1.31758313888236	0.565708984890681
-1.74033595936506	-1.63111079336374	-2.44061943112278	-2.31612007617977	-4.02842016608371	-2.7143652165207
0.63796056322708	0.432029408847362	0.179369668070042	-0.709590394742831	-0.326085116972246	-1.0716484440526
0.802835589669117	-0.366122748291213	1.20825656547489	0.755969314929732	0.60220326262602	0.0130007103406755
1.30267519265772	0.57554397141397	0.315864338800352	-0.272367076191724	0.270813557336812	0.508508027942037
0.243262285718065	-0.54726341240917	-1.09388513557227	0.0478821204357783	0.115037056630618	-1.70223430777982
0.497766707379951	-0.103030538681098	1.22553856027691	1.01710556004707	0.851055439098488	0.802691636217797
1.15145900462905	1.40269829155598	1.40383215432429	2.26376723061279	1.43934093130364	1.21288325358544
-1.56263943440069	-0.400737780673225	0.214359401761822	-1.0345166039357	-0.395941106390032	-0.272230246887972
0.786687136840712	1.89269656291044	0.618088880477317	0.859923060899699	0.802199080858435	1.33134026462239
0.481516095925161	-0.348044886884903	-0.713540629999603	-0.0312340079079186	0.578590656945047	0.0859105981099236
0.866369535328528	1.06161714517058	1.70775049125709	1.48993100212492	-0.850175866771958	1.5333553954138
-1.60356490806291	-0.716346416927985	-0.737954415098192	-1.67716919131358	-1.0510738049954	-0.940907541165773
1.86536877806966	0.168852603783124	-0.103980719933932	0.805748496517386	0.649538220393714	-0.574305027309358
0.96102187791532	0.260047055712622	0.534451762841995	1.26811853717078	0.0979676945210089	1.24003636399555
1.84023869086086	-0.295191760613936	0.913558461806172	-0.52459922168632	0.264849263965587	0.915805791412065
2.56944989634778	1.15227230186127	1.33157990815448	1.73050809427145	1.71021586028976	1.47348380381222
0.626123313881924	0.809351776357059	1.77657001304647	2.36195554329659	0.709324607619946	0.894903418329609
1.84406310406227	2.98279748772904	1.40922334066128	2.09934147326614	2.97163933734263	2.048631070626
1.8370898491988	1.63680717542293	1.21159526952326	1.33140719721411	1.46365121678097	0.711754774977447
0.540229818113585	-0.0022163669501996	-0.171878242706336	0.83292137931873	0.408789817857115	0.156564290588897
0.124202184456855	0.781585848010086	0.993049837300619	-0.0147508627904812	0.122039773848519	0.918812886925627
-1.41699179603975	-0.909897866411349	-1.91296872043134	-1.70112327687538	-1.81785805478438	-1.15021596509108
2.32495697685353	1.24581424197829	0.532245907113716	0.970372898916933	0.256647099886476	1.19445883355316
0.765811893712223	-0.211319710456713	0.948028176106816	0.966658037646285	0.819007879007039	2.02864834560813
0.393495153173853	0.0601538945235151	0.0780206899427609	-0.0673132288083248	1.12416229793546	0.121779006176531
-0.112065605143564	1.90498188967752	0.99699907055787	0.754110266674614	1.62039306650452	0.96663790150358
-0.305491084101875	1.0700695411525	1.24368316274473	0.850781228523906	1.64246202221975	1.5133261401348
-0.359442667999817	1.45354957584464	0.915363513514337	1.984849237694	1.34274601060797	1.48513644644941
1.509919668896	2.06733538928541	0.626417314134142	1.63318563632427	1.27136701938991	0.504305462837543
1.45888920534309	0.448271880499801	0.701177196557142	1.18272843391556	-0.275563809210748	-0.360271702853647
0.674395947548073	0.743963392008512	1.28230549192042	0.632112527213912	-0.69765570101365	0.448018565280895
0.79263837697309	2.36556870290464	2.07144612070096	3.19925067592649	1.25399520308026	1.39857407116929
0.180630614018945	0.439679304524451	0.123234190574518	1.08599058260455	1.75211227255485	-0.0618711327733493
0.680077285254394	0.779023679868038	0.524517853067646	1.61544646422163	1.56804636019854	1.64129979629193
0.438025666876025	1.19665159796968	1.17419560877201	1.5284774804453	0.754052091585433	1.16001117325052
-0.0860028431322218	0.64917830815144	-0.377699972757721	-0.72577955426165	1.39713145042025	0.13218752954431
-0.100101788010432	-1.24216247207094	-0.380140995673502	-1.50101043594599	0.175046531324927	-0.384540558050002
-2.59826279635486	-0.801197481722558	-1.84154803321839	-0.706971765934468	-2.88790954993965	-1.27846917990952
-0.23877200742274	-0.489201766572126	0.772196100374419	2.40935960350524	2.10743435540052	0.148161688686609
-0.760606329035892	-1.66930002428428	-1.96321259790484	-2.26175319996149	-0.927587625098327	-2.34039472826503
1.78975318045843	0.831330623132802	1.44065515107733	1.08222772659735	0.692031748069729	1.28741080213137
-1.721927934957	-0.147983388267772	-0.666577635620404	-0.784788046784839	-0.342692505663881	-0.333286396739046
-3.38972493394431	-2.49932454266253	-2.46666343578941	-1.76762074309455	-2.99889328760881	-2.53123774009314
-0.0033138106164767	0.346950226937079	-0.200652477998265	0.706750798882602	-0.311920712600324	-0.366799160298448
1.19239739776842	1.05113770553426	-0.233011868587947	1.27355024004537	0.296617897871297	0.458434364849406
-0.20363072159433	1.82873755931478	-0.547191199664404	-0.100719465260795	-0.535688820724519	-0.438490033537784
-0.81784240658824	-1.71215917371401	-1.47756389127142	-1.9798345099709	-2.93673558948708	-2.00284769848331
1.25819402856938	0.524035410358065	0.695671871533412	1.73095046322997	1.84963898777011	0.889816530708399
-1.65317908165401	-1.01368100149316	-1.22020887489567	-1.68236926154328	-1.92152983490843	-0.869761507526289
-0.439301410919893	-2.00705507499942	-0.54013186880662	-2.40528126220973	-1.01759921549183	-1.73655755631764
-1.05301433629549	-0.629646095631316	-0.294294678029655	-0.142026522102198	-0.33486965737681	0.436094226576675
0.328206049575001	-0.706271937287883	-0.207557151502018	0.418337863222113	-0.63132238918556	0.77135628016715
-0.131885199134649	-0.23635784374687	0.25714256369689	1.57029603106237	1.09802530871692	0.209746152319327
1.09136490481027	0.429856419203139	0.0820478703512853	1.18996239437103	-0.58608784382403	-0.0155069688328278
-0.88566728216228	-0.788199384598211	-0.251940664097404	0.231949155774199	-1.05842918894098	-1.25190320441459
-3.30261663488406	-1.90860168154956	-1.75052305080041	-2.13743101345379	-1.85674346699928	-1.70600958054614
0.0797613982459422	-0.695489934156557	-0.169671350712344	0.117707781217815	1.29865274819693	0.304892757645194
1.58320875935947	1.11376840055913	2.04083457794716	0.98455810033966	1.37618901173209	1.48551976951021
-0.249574780513653	-0.370948841950986	1.08011377175666	2.07548043446092	0.567993059114617	1.38571673332556
-0.613081759244724	-0.178838894649326	0.208573097850625	0.382403347913368	-0.928986636056073	-0.448044536392225
0.124831260181628	-0.304189129399806	0.338160814804633	1.23655825735338	0.100124956677389	0.446987318807182
-0.379545372081466	-0.394201386524605	0.464732022912834	0.481157870791245	0.447647191406333	0.507282329275032
-0.173874892231765	0.375084384576918	0.747069721552199	-0.553173217572355	-0.232818180210378	0.968598029596696
1.29584428743421	1.9779778910947	1.31906987300954	1.25566868478127	0.911638531897804	1.68664394587466
0.286746755512231	0.559986454496399	-0.56323464357	0.691087867116039	-0.433152287423011	0.494619614502272
-0.749813350245205	-0.271305038646766	-1.29267476515594	-1.28069862878782	-0.811663873581165	-0.832264526316033
-0.949508611540292	-0.612276878658653	-1.11346451986062	-0.434268663705898	0.0298250389063173	-1.25410126541792
-1.76586539003514	-1.20477390340931	-0.669175566870545	-0.040515553952948	0.669407014106578	-0.3516014811657
1.25352792240005	1.66307544398356	-0.793717167074013	0.491635777178915	-0.294018668342457	0.0613367422783169
0.381315027812459	0.132801382722648	0.39829488577273	1.05349997028751	-0.389698196463728	-0.438530673515348
0.633230608006124	2.03948580310907	1.32000088555655	1.90902696981387	0.31444460363923	1.12218338290064
-0.105807547451167	-0.0946209798462941	-0.108415781746875	-0.487873109776791	-0.299123266305531	1.49795363929621
-0.0379540824551794	0.556374132906194	-0.794933307875047	-1.12686305095005	0.900451751422302	-1.12268021364461
-1.35960158357963	-1.60375233002881	-1.70860900847986	-1.8339697019849	-1.45130332229261	-2.56969190259565
-0.380640471533439	-1.1109033008078	-1.2367151596284	-1.9070909374117	-0.428945640409881	-1.09981701583146
0.795495285704897	0.367842559513935	0.527549185855599	0.584474441454795	1.01332801294785	-0.28800011039349
-1.53216140360178	0.661682238908108	-0.111277456724813	-0.647409566427169	0.490198079806597	-1.04125068090986
0.922007806616898	1.04251849915996	0.888659690290349	0.629493297060888	2.55360685191885	0.924180085959322
-0.23191919833491	-0.885669240760339	-0.726007983358526	-1.20618735369399	-0.743922624852771	-1.63692139275623
-1.18389724276532	-1.34566079700519	-1.2520456888193	-0.50630194014178	-0.362309331914571	-1.36432492040112
-2.96428130867142	-2.06231995372539	-2.33306646554228	-1.65110144930329	-2.5957239481112	-1.39232325002541
-0.332513128427817	-0.153282349202359	-0.943331365665396	-0.693745285618639	-0.72473732575268	0.314356482703709
0.768637078528625	0.995297084857181	0.747803069519117	0.700686864893006	-0.363124088673715	0.0504921561499495
-1.12628107111699	-0.583575500883456	0.218133289800854	0.716407978671276	0.186519220341254	0.216161733549956
1.78156582881768	0.240953846604096	-0.327028709020909	0.348304637099656	1.11937268616083	-0.170042280904814
1.00740417944338	0.39290534370556	1.5612395511483	1.26591515448557	0.0624983126709382	0.80893239975889
-0.554808422998246	0.059568934039877	-0.180776835907578	-0.390700871010619	0.207501669811315	-0.156053997788719
1.30514664365615	0.85221568739556	1.59243361564035	-0.12482886769246	1.16453835228211	0.754686144732719
0.463410491077449	0.693187120890377	0.254951129096139	-0.351885872395952	-1.40336947878667	-0.702893277654054
-1.75405783243675	0.469690191347509	-0.337282081606814	0.0534398095899299	-0.255582007591717	-0.337780780484476
0.453663419932943	0.64394774232104	0.21761475935922	-0.205292044233018	-0.68807252799493	-0.103821613456389
-0.298093513615451	-0.717981943659798	0.836387589629481	0.180167810087332	-0.219672132378078	1.52910865736717
0.825174474252302	-0.148661319376736	1.54460071590582	0.679621626386539	-0.0964736886023333	1.25350393618922
1.80712698610564	0.832164613129245	0.650778495032331	0.722902312660129	1.71317317298766	1.06111142985394
-1.20505645026614	-0.567550882518919	0.0940860135945258	-0.692291492192601	-1.61473960648229	-1.19912769102096
-0.893651329592636	-0.108046394246353	-0.250491955455353	0.817399428218709	0.1446923740267	0.150549593139286
-1.64157408712543	0.345142044792562	-1.29216710386093	-0.261294778616184	-1.45838906727188	-0.815450549543409
2.09267157631244	1.17591107468901	1.40923298910257	-0.222927911090962	1.96653163165757	1.24159752060483
-0.0727788796879837	-0.664918221144401	0.0984628354666707	-0.712442182609099	0.278681110547066	0.0672871552982476
-1.71624035406789	-0.310191601952166	-0.445622446625327	-0.53130773396419	-0.475351825045949	-0.627501341658537
-0.587909944090336	0.666304972080774	-0.537173657932677	0.201602837639647	0.724933725183746	-0.3446591966339
2.09274857442111	-0.181253854912896	-0.652038615716879	0.97901107607466	-0.884853605182514	-0.290391084381425
1.80363259898963	0.332765476859589	-0.249843708173206	0.598476223699561	1.75242638157454	0.485936737316916
-2.66218774417748	-1.86998680306781	-2.64234986420546	-1.75057190972367	-1.4350935170434	-2.32039325418851
-0.471382388158784	-1.67628578792306	-0.125631768138494	-0.620589407686138	-1.24506736509048	-0.432389317392773
-1.24389827672605	-2.66590134114817	-1.80705660132934	-2.29603790928696	-2.46285660617628	-0.675527652605147
0.907100539590723	0.155918277593465	-0.297343834496507	-1.27366142044101	-0.106876228049994	0.126106728925249
-0.0419364173973874	0.993118418478564	0.965771937145098	1.67269311131301	-0.060050977508533	0.34530545330879
2.05637949730775	0.264750369357369	1.74125740292221	2.12273215749302	1.11343165559323	2.013798696993
0.340579056435074	1.18923763778675	2.00598386104568	-0.194107747868666	0.0187426360867145	0.63459053499085
-0.0639883371430595	-0.468138295321366	-0.158669751798619	0.547816679883325	-0.123359775122004	-1.1842523354065
-0.690645883574639	0.597457257609301	-1.02628019892629	-1.33901085516076	-1.80707247235885	-2.01169835287947
0.201622916432444	0.0780357752254897	-0.241240552210222	-0.991757104401101	-0.216120959889797	-0.384187686774963
-0.450430728247592	1.82387577134612	1.26586257377965	1.77000641887614	1.72221285983305	1.08663749681138
-0.998891838642539	0.529447210816736	-0.890063725430952	-0.591914679530746	-1.82107352493493	-0.325200496531775
0.381970293094459	2.39410675051974	1.05916103897701	2.4510059166504	1.29931645863646	2.57638738090105
-1.27513392245649	0.879987942407908	0.495814914352054	0.816066680367348	0.155841921413754	1.24568716219209
0.66682473409312	-0.0311026838245721	-0.0898786373661626	0.2663058043574	0.326321941623433	0.802223837340826
2.69692616575615	1.15528202558334	1.86887428901401	2.4425932993886	1.33419715560728	2.47095022358376
-0.831859993333284	-1.14033481865673	-1.36367377282769	-1.1700557844165	-0.592712006710593	-0.554642417088424
0.861207575131022	1.90172996180183	-0.248303873990167	-0.414242668178671	0.57138884318093	1.15194726307628
1.03569349311827	-0.246860899429617	0.603122318704126	0.695564082443185	-0.148554134979521	0.0959901247348172
-1.99126503585279	-1.22457461851092	-1.47209900995702	-1.37556812249183	-0.407557006038527	-2.12972316893544
-0.30618806934412	-0.174205089306071	-2.04667678038597	-0.579857891528571	-0.564489423897957	-0.299598447492338
-0.304233581472249	0.742721483730062	-0.0911516670890359	0.755419161836961	0.00884490729211931	-0.488847793533921
-0.413931750739448	-1.51986678268466	0.319962728089729	-0.73769730639235	-0.308554488238929	-0.449737141639772
-1.29436602054169	-1.43630086719462	0.343533484305305	-0.730857563941507	0.761313934354801	-0.0193140970636222
-1.89587531886185	-2.14191260618762	-1.93963018837987	-2.69830130905058	-0.278060005048444	-1.23189440385634
-0.657167410742956	-0.127604174026388	-0.087904144178653	-1.11250736263388	0.7087587848556	-0.393622876459647
-0.497000989943955	-0.832845656772695	-0.684935740069111	0.350926295844292	-0.638350128849149	-0.848944622741798
-0.857639727874443	-0.31297134309396	0.288693581121191	-0.824301377187368	-0.421496853888649	0.0614220535352099
0.135304586360363	0.242546937433074	0.0868177057079593	0.885808833330352	0.174100622310915	0.794501092390182
-0.0736223745634424	-0.409810581879304	-0.287059819951602	0.722045339089226	-0.346303978486489	-0.235945496630388
-2.16700188260599	-1.84858912083949	-1.36471091295206	-1.9915204952377	-1.88605024425569	-0.736100269060132
0.787160453741581	1.9731129109644	0.901502972168771	1.11528099329596	-0.105259656849644	0.697129945512029
-0.271280269397655	0.504413220761228	-1.10670951728842	-0.141265411586065	0.499083574593004	-0.285911696106619
-2.13838616339172	-1.09126202652751	-1.02349083632315	-2.49829861730936	-1.04106198855618	-0.48191600680704
0.327492301141639	1.54598005829123	-0.19450890057271	-0.32040845160744	0.15334388113458	-0.100042214279624
1.004312067702	1.82905954471949	0.466782398358936	2.01203212253564	0.25494922078127	0.849248786372652
0.792184863745651	1.19758839430307	1.14914574381747	1.18587162991856	1.08928361823555	-0.109329970000535
-0.375585548237462	2.73037520848443	0.213060575799246	0.440287207134313	-0.410002464414242	-0.228039517465174
0.120201912752701	0.194542547147501	0.832591658386247	0.750676650824884	2.38318097322943	0.942868621030737
1.29839590210551	-0.514357670709505	0.65346494134745	0.537453717241722	0.0250856009641072	-0.43696227826063
-0.539862950704635	0.912996980259387	0.713217134288417	0.432115742639807	0.236507413629826	0.843288216203859
-0.185547040073006	-0.0779264614091714	-0.316585504332818	0.962901608820462	0.411505663304649	0.304329964399348
-0.975712124415749	-0.713658137406333	-1.18943681929895	0.91720609190856	-0.0918706293058664	-0.503836776383495
-0.962820846209483	-0.421641357064355	-0.487957966253233	0.555219394886914	-1.5656468451721	-0.980093205148809
-2.29464638427444	-1.47504136786985	-2.23339893444255	-0.708532893648569	-1.77829377067056	-1.86260887245907
-0.444006545389759	-0.167494806006449	-0.581509229200179	0.352389740156242	1.24874400289103	-0.0184171198337592
0.291988351265149	1.60284353843485	0.384135448895484	-1.05196608601018	-0.418338400435419	1.23519709673177
-2.40105677209669	-1.39975130932398	-1.24310766595702	-0.721604134870616	-1.42122686357025	-1.85471312987121
-1.43407316353351	-1.26055292666333	-1.63794822968296	-2.21166399597262	-2.49155302492953	-1.41275832114798
0.55311048433016	-0.606234955799893	0.110285149600324	-0.526357448182125	0.314539615017302	-0.108656522208874
-0.541078358004298	0.538060539028812	0.277214068502568	0.455559311550692	0.752241605092298	0.584524432084701
1.96152940115221	0.843228870554162	2.40579717712383	2.44590459751894	1.75783176901692	1.79437598150612
-1.54917947538185	-1.69733641980209	-1.45232930904519	-1.38803043127697	-0.699536498603383	-1.90800435016837
0.335195731478978	1.19945607380577	1.73163573244989	0.407590780553043	0.906007732424077	0.615195705335699
0.396821670785011	2.06141831326672	1.05277149321486	1.2568849873966	1.18191575087458	0.952395177365739
-3.10498682651657	-3.20978175116104	-2.39350477154992	-4.06380245203715	-3.46046027689167	-2.3828807584146
-0.0786258464764417	-0.63016076914915	-0.0945917315044617	0.402332189468738	-0.801812073979096	-0.248676143986579
-0.528437072048621	-1.51331681075482	0.0909294612498842	1.18931331802961	0.933432706383432	0.024352867629832
2.93530901675571	2.7021577995128	2.67121734990506	3.2179332466955	2.20325787986222	3.05604964109689
-0.362181337979503	-0.67758592341836	-0.382577316504412	1.65705942365068	-0.185812088700409	0.5429624662998
-0.285681411476132	-0.914978413704183	-1.1475822529542	-1.54829235617946	-0.692658782135856	-1.44035722156972
-1.32926279235936	0.308104520534229	-1.04924146915203	-0.355218849499006	-0.0964020284679218	-0.0172389170378562
-0.737523338984302	-2.25897996098846	-0.423746404426388	0.536266005330647	-1.62455230528388	-1.11043960501456
-2.58906731294272	-2.1630331079262	-2.15814552579471	-2.23062928170737	-1.4911641494622	-1.52584539009632
-0.913967887756273	-0.932693800067552	-1.32918026136042	-1.41195755959902	-1.66240504165256	-0.928320830616377
-0.511200767990779	0.261197060329183	0.752277661356588	2.09106539911394	0.115789014432322	0.413669382857461
-0.836463113485394	-0.542687395608464	-0.797164978283568	-1.27942943393245	-0.426801238551773	-0.421730942001476
-0.628233741119859	0.31173547283623	0.0176670565486688	0.467918517796866	0.441292009651773	0.630761098436844
0.389625175043274	1.98236086343801	-0.469584984549274	1.18715075628201	-0.0111911301709465	0.149621328896942
3.82898881049887	2.73962114480974	2.5857980308937	2.97100489091224	2.63477833317825	2.74599385399455
1.47021399866542	0.702342514099365	0.905841267528157	0.875708698490568	0.643189064741125	0.217885110092806
0.458298620225219	-0.064655154675551	0.0148912181369814	-0.362089700889784	-2.28421378926841	-0.766889140269833
-3.04998680432575	-1.29147727977524	-1.90997198699368	-2.92425296535886	-1.79442769444676	-2.31465659308567
-0.802636221569779	-0.552942051239867	-0.990197683211088	-0.0597724549075024	-0.484542878891285	-0.197493202599349
0.683051886458198	-0.0937362877320072	-0.360060167347717	-1.30271620269668	-1.56768508371386	-1.19548690197686
1.80153089175592	-0.104128887639314	1.12036737378992	1.96469839746813	0.666142251854134	0.434483262413559
0.340556341719182	0.998525954860779	-0.855985545657675	0.134462403847766	-0.89990589401352	-0.796365026069026
2.47751203519089	2.30010969401838	2.48560881159576	1.84802639875569	0.888503213603718	2.82137848572776
0.320445707256433	-0.469294040063212	-1.38493195097534	-0.113665018258894	-1.30869360096769	-0.0693337562420981
-0.509806982477156	-0.0914419465968981	-0.945876195226965	-2.69086157980593	0.505387154345741	-0.51970099922589
-0.766748695439331	0.00273773102181495	0.0860062044442479	-0.479078394689151	-0.0428550011400646	0.103241461811973
-0.993371806679257	-1.05361898451516	-0.906600283383299	0.732741737345212	-1.44269645937421	-0.670018678723274
-0.772040830526207	-0.942953748280431	0.25908951355939	-0.991422725565279	0.750240398725079	-0.162153454916764
-1.55915647866152	-0.474160951839174	-1.23875513527299	-1.03877736663898	-0.647190871434484	0.335601030571099
-2.17390454101373	-2.3276966557043	-0.794007866071244	-2.70250904889048	-1.89158768892827	-1.33147272524604
-1.41728364702931	-1.51282288162174	-1.6605816073372	-0.927308449677413	-0.0402026271146585	-1.31012836844135
0.316438118381325	-0.0779509371282117	-0.0660352772357918	-0.631415108440962	-0.0912837123621841	0.372277862998162
0.617408856589588	0.524575566313183	1.29784909578026	1.39155614702476	2.4355071549985	0.565446168449721
0.717665683214783	-0.0141528173606044	-0.511645395925282	-0.85748936189593	-1.67091726473455	-0.239821939848339
2.03969503230574	0.173181900462288	-0.344294570355438	-0.198078964663665	0.951930431387651	-0.250699803500745
-1.78570249478129	-1.11159441023309	-1.50704139185445	-0.516107221866929	-2.5854192111249	-1.69172324030621
1.90546704196499	2.52530411319822	0.749116133953674	2.14598452939929	1.50480753309973	0.953015471352649
0.0603700051913289	0.674002408205137	0.5159603835999	0.74003746882	0.348830489422927	0.210283516837413
-1.167625880093	-0.460805687980292	-0.205045791358059	0.161507160467485	0.543985039979158	-1.50436910422621
-1.51178352921105	-0.00873446827689441	-0.304979600830607	1.44776167395263	0.736479175260012	0.578413552639885
0.212010126803874	0.894643242558555	0.684467898072621	0.0189647920418448	1.49441608085761	0.431840899868165
0.184296460263716	0.34870208070486	-0.131826639118567	-0.0686790506698641	0.607356091635	0.951196573753217
-0.159954045953812	-0.166870953211353	-0.180730845377393	-2.12185293596053	-0.222998262408741	-0.99288634976788
-1.99062031104819	-1.5384740068369	-1.53011284692169	-0.577064609202006	0.715705871765284	-0.580960758437723
-1.04164270955183	-0.260834337943191	-1.02514558083359	0.230849033726246	-1.33300329753686	-0.652738635859965
-2.21484210914675	-2.64139851835235	-1.61229379062737	-3.55671316526994	-2.14645261228433	-1.71348661704633
-1.18179606726489	-0.682256442518605	-1.0942516363081	-1.34705686311317	-0.979262037621944	-1.95608794471811
-0.542208706316839	0.0184381019012325	-0.0524970298037866	-0.337205670321133	-0.805891910334632	-0.0179183929290568
0.404811280196666	1.16014661045769	0.771282883154868	1.91896207455237	-0.0750396788132732	-0.180504777893561
-3.42114220757928	-2.43146040066481	-2.48498272654971	-3.21266061019168	-3.24324990764737	-3.11414311970835
-0.94364401625124	-0.616585257084566	-0.446919927057471	-0.514867255674837	-0.714171981269624	-0.924428665652263
0.607429407328942	1.67263851759583	0.157719532186764	1.23669783504113	-0.31141955601121	0.813012919850079
-1.10475189639902	-0.0849409390125315	0.668628132010757	-0.227264687646919	0.00810822249856478	-0.354767137100506
0.651070006797367	0.668241851662475	0.766459453680658	-0.760093124010417	0.668329117827889	0.0189196311457351
0.0933192242731606	1.24726723013929	1.15480947714938	-0.367068680744228	-0.329101226917605	-0.0707972500449914
2.8021214784932	0.518979994720517	0.544041711133809	1.36851591174369	-0.153037125381474	0.576994087529266
-0.197448271237262	0.193857693695615	-0.413818198980106	0.733866344148395	-0.936323360987135	-0.126614064838113
-0.984605091362342	-0.22953698679792	-0.421695752588768	-0.765235739715045	-0.305014373357658	0.81577602211098
1.36971482658583	0.261614487454362	1.30299386824866	1.40480546709746	1.33287338266386	0.941260853423049
3.48215821290435	4.7954617805011	3.04991808743142	2.85853031466321	1.95511737612401	3.73944807136892
0.473654636779331	-0.916622594869936	0.17517582966253	-0.24130518763581	1.32556648131175	0.775950515199268
-0.655782191122611	0.933868257639088	0.0131139030063159	-0.270265029336642	-0.222116644876566	0.0406424391835454
-0.137290656855503	-1.50845039971648	-0.307421769915436	-1.00007531584978	-0.887849371258507	0.244815180556994
0.96508125809571	-0.582634190927711	-0.3845679844267	-0.576638311060045	1.13261914863484	-0.987857710358547
-0.864032298226413	0.147215208431758	-0.452390752316041	-0.159955780140717	-0.586070242213004	-0.63374829848163
1.48923553079956	2.05455867067673	2.23631967126171	-0.643080240189067	0.385812243525925	1.31155354945368
-0.982117468314137	-1.55575403318531	-1.27145943560643	-0.598252852927674	-0.377012024089888	0.447852153048777
-1.78070832159559	-0.567297483952867	-0.630065059058107	0.130647809841293	-0.580490270273041	-0.99394337571534
-0.200001637105022	-0.691700799810976	0.444473390636482	0.162328148758623	-1.61228262115547	0.409908433143495
-0.445052132747513	-1.56972451549073	-1.22866583422325	-3.02359116520054	-0.975634946161061	-1.06142137506405
-0.178949739597643	-1.26998524703513	0.305463630858787	-0.838677471699577	0.570160170861878	-1.06680369071652
-0.3423740928759	0.346848636725873	-0.835632556283562	-0.404907587953475	0.0215069129572643	-0.442624792946568
0.961173664351118	-1.06330064051156	-0.205926236339174	-0.797222569752649	0.843428996479514	-1.45245967961409
-0.584555603613168	-0.511330556143814	-1.00373212963151	-1.33046518727188	1.27030826271869	-0.539119743174947
-0.903742683415707	-0.900775302920006	-0.916761628106798	-0.858312478164402	-0.840853940538823	-2.14499661894141
-0.146226705987434	0.113854396871812	0.0915446543184859	-1.02086455166484	-1.14867533532482	-0.645739087146516
-0.611054074164548	-0.171711149136986	-1.01998759886489	-0.425785647885313	-0.852425357920771	-1.03427902638207
0.752152796845316	0.613033895476449	1.2553470620402	0.988445497101165	2.34174039631973	1.04098070872112
1.19176451207823	0.232973118829131	0.160684513424844	0.628931953365941	0.669471276850682	-0.689255770617164
-1.96230928653782	-1.8600382004491	-2.31393951905005	-1.22256517016278	-0.930930445949886	-0.78699739768384
0.383937008279513	1.26612057153741	0.809242055736306	1.90990652847093	1.91926693778243	1.21213601568176
0.30654922943996	-0.646377937252362	-1.13821482647142	0.216461461259499	-0.612084793318033	0.251735372808318
-1.12460733340609	-0.252243470287468	-0.499203063717969	0.292896202832214	-0.124341836258593	-0.804537199933212
-0.2148642693392	-1.56124089827826	-0.94761003029164	-1.28172509928906	-0.728256111512129	-1.28277799093498
-0.324602930187114	0.98725055789512	-0.0961793267802137	-0.166470591535872	0.562793450835233	1.22251227561467
-0.401183464280877	-1.00496578061845	-0.328815959299953	-0.457275221512674	1.20736389820568	0.0203252293370907
3.86679151961839	1.87401829632654	0.817632293363122	1.90695003020016	1.66085602924007	0.560753702759164
-0.648756024863191	-0.657801346934148	-0.396498701534255	-1.04402951457579	0.198420422693186	0.52615065614733
1.72217077200549	0.47406381435275	0.779651223879209	-0.366501804905871	1.24329936367991	0.225738000154731
0.40481617625373	0.0597511844503714	0.511436245703055	0.638021443488796	0.198479728650782	-0.37304831067557
0.969517097998924	2.05535746890173	0.749004864591004	2.05333293046336	0.527162609900379	0.89510615096691
-0.14074341652506	-0.920109468284253	0.522127435125853	-0.239105617164048	-1.62008723561484	0.0945793430723842
-0.340516219033974	-0.82982928510476	-0.112164659523212	-1.67083452329955	-0.747158088850088	-0.339178603392692
2.67889682479793	-0.130646282123061	0.181561750889447	-0.726255383282434	-0.332121713250433	0.16328060803018
-2.53437862993153	-2.52553697214648	-1.06429511605329	-1.42280828497546	-1.6904618301075	-1.93689776251075
-0.90664372588733	-1.12538017657834	-0.0171824027733027	-0.964905723680747	-0.104004513046153	-0.974863590609249
-0.136263742662658	-0.955531061369465	-1.49308118980248	-1.76061934442217	-0.697321302359912	-0.80474551434932
-2.09426123238342	-2.22475269144404	-1.98059385689069	-2.89861733080584	-1.42842483498034	-1.93908202602323
0.669136468325759	0.203498641135223	0.500485770739832	0.471984667500726	0.889252983327346	1.29270976921818
-2.52113780655523	-0.311367634965619	-0.634712847726192	-1.05573228318016	0.137987604072482	-0.525739232611524
-0.398629353803986	-1.51565059146426	-1.83214038484791	-0.585609984230792	-0.482209605726672	-1.3223010069511
-0.590356457002331	1.05195779888047	-0.581097127819773	-0.210170846241382	0.624711524203206	-0.286189118672877
0.244079693896051	-1.19593334446186	-0.00185955899882667	0.236445807766622	-0.754307724809756	-0.501513991595234
2.45585392764253	1.63409505096067	0.185848017769176	0.891417916816496	0.281465645137697	0.687375987012485
-0.178291047155958	-0.976392994295966	-1.06176920046517	0.0413538218025797	-0.39739879447016	-0.353447283961795
0.724776955082115	-0.234932072886789	0.100085638502571	2.15621928465607	0.956807928949826	0.539822764481598
-1.31560201582436	-0.338311951853031	-0.35455797166203	-1.79149674297208	-0.668431925602241	-0.464525745308974
0.292007759069742	0.988210802251481	0.552707408460249	0.234601105568539	0.840489964158451	2.14936813466719
-0.782638501961	0.062196027317815	-0.151187864453338	-0.638181006208591	0.723420010321741	-1.19699875676958
1.09527774550346	1.15616896227153	1.48313950640624	0.984123263468614	-0.100387894330909	0.594346440685739
-1.10187506665821	-0.909589254275519	-0.427690351148321	1.39897840381742	1.24398093192266	1.32965649408009
0.984504280354674	1.77183344983333	1.51121210658632	1.46348280868581	2.30005261267315	1.51644600541561
-0.773316418027931	-0.445021248489053	1.014193160662	-0.726260954251644	0.307241684568671	-0.0855943826993345
-0.91522024200443	-0.511810860475415	-0.942046179536251	-1.45274225157763	-0.917487239935588	-1.32212491199758
-0.6138806648646	0.95595410814267	-0.756507182890839	0.426785180062206	-0.734140846893219	-0.448440359837573
1.97296706478673	0.871861496352203	1.19576974322602	2.6265074416585	1.92894784361445	2.23059037227188
0.479790751755175	0.662912534185217	1.0623312175622	0.164430357979858	0.196493516308249	1.3125844595196
-1.62229034790949	-2.19679428005887	-1.26794912537769	-1.86705766908729	-1.57091317510215	-1.6249367946479
-1.27102018518712	-3.20633478244976	-1.19122902316627	-2.1622955512568	-1.19896508025608	-2.07431961143509
1.16505795786149	2.84741239461479	0.500129595315312	0.331235626879567	1.06789451052727	1.29462190592461
0.793623194176472	-0.428938197279209	-0.117591047511542	0.782907229083481	1.09021953480362	0.0797535677325054
-1.18865933492987	-0.377244022759304	-0.32429841879737	0.327356370326179	-0.0742900313490844	-0.540371371832705
-1.2894834465651	-0.521433145802483	-0.0928420087862326	0.120897122846422	0.077830533616056	-0.230843574440143
-0.43981589654436	0.990260256749211	0.295225607741416	0.803511188366302	0.886579039070293	1.05028338410058
0.0533051083572982	1.07519472521236	1.12012801505199	1.82995522465376	1.40172799865323	0.355210334550731
-0.769560211419305	1.53030601526025	0.178927675074322	-0.197390370518517	0.514517135629414	-0.147318203529805
0.00170160919687922	-0.136276550087331	-1.81147959914681	-2.04829699983902	-0.992668740327455	-1.26839346769298
0.0873937210509745	-0.636329654187698	0.126869461270043	-0.0512584286805873	-0.203134962572909	0.566332884191928
1.0740019388075	1.06882221898592	0.442456024340022	0.303680714337041	0.484678669263842	0.599576684239259
-0.621914846707442	1.30769019783858	0.3531010172896	1.22356694721821	0.297044715914185	0.540564321643279
-1.2814185367319	-2.65011268478299	-0.900603022671524	-0.8237542384178	-2.85159892078835	-1.38355125813892
0.865164533891463	0.325075689033147	0.57293029639735	0.0988347411040684	0.454561937464484	0.433596915595644
-1.25861437036225	-0.665670736274762	-0.281803581266395	-0.51439986658589	-1.0884708651072	-0.856051244668757
-1.2827407843961	-1.32199907968248	-1.26028034335571	-1.91236177965148	-2.32059388277542	-0.90036535543401
-0.329324323375953	0.333305667002042	-0.537849857127833	-0.583982021267199	-1.1228343711503	-0.491460007216593
0.709188628938446	-1.14715604695076	1.16499081551238	1.15347986061423	-0.252305800702247	1.01031351588903
-0.472844228518331	0.54670928175623	-0.721281538258998	0.547122497117342	0.174010997054659	0.139520217133559
2.67584930725252	-0.0628183225898921	-0.439632445626091	-1.27884300845884	1.63646930054466	0.437364203953707
-0.794524718816529	-1.67732009649528	-2.04788579554175	-1.10078294538761	-0.741689531245917	-1.23053953680117
1.38967573834246	-0.546401954222555	-0.623336255341061	1.38527593001922	-0.799621412651672	0.0254473283809251
-1.48612416248799	-1.73834345147596	-1.46299693958961	-1.39485519082767	-1.66226971401532	-1.78889516620242
0.148265167222835	0.904624994455549	0.124193845807973	0.980521218110535	0.398803380134044	0.888237619818442
0.22517285523229	0.215651020902178	0.983987107543953	1.16491233941936	1.03132836027496	0.354958428283381
-0.565636881382039	-0.721379737447595	-0.373075923233648	0.555171519213373	-0.279848537050729	0.522051365594737
0.0323962051734271	1.21591828295534	-0.399257662557771	-0.284058395742215	-0.965055055011241	0.25006231150458
0.074661804702928	0.990172352943236	0.0685394465665417	1.88114826509857	-0.302254209720773	0.340571469438216
1.70998268685332	1.50891959543481	2.08003937802372	0.754253675411015	1.76448140372393	1.95259971718407
-0.162941974684323	1.59516988967846	0.504417114378101	-0.606343591667487	-1.17529429801351	-0.314950532166177
0.819921821047142	1.39694643564856	1.4316351881179	-0.142208126796114	0.626213143984295	0.297568806024635
-1.13855396704397	-1.60069678069952	-1.13106098603351	-1.69065954305797	0.0295940863063953	-1.11166745043932
0.387135672450719	1.34369551195889	1.27893500824164	1.68369571025523	0.0626075067383785	1.11795774241279
-1.52156495931401	-1.32908083300022	-1.93426108098696	-0.596714196279797	-0.662994030237581	-0.907169670868342
0.426249944819594	0.222591879440206	1.16321083896173	-0.154890310368961	1.8007565541735	0.568837789290869
-0.408173483843749	-0.153632587805524	-0.673444824102153	-0.376169980579022	0.444008057639915	-0.662862794773854
-0.798749515500502	-1.48674108779365	-0.599171866169475	-1.48823352924703	-0.32014958397833	-0.799793159210817
-0.34556114536651	1.49791496251373	0.288555337966594	0.731723860680949	0.91291664268311	0.0797623985541079
0.111430388935684	-0.968490787143948	-0.665282288476871	-0.870342517023759	-0.739077853836129	-0.272068197892772
0.578205228361487	0.304030151441861	-0.0802705618233247	-0.255528179911199	0.135060889474783	-0.164344215980084
1.58115680779117	1.30682844614842	1.09528243212332	-0.141287896019551	2.04978552021961	1.09283312492465
2.10803381326474	-0.432465337079801	0.214359786350379	-1.36654935690721	0.783502319615107	0.349974363652076
-1.50218622354241	-1.43487671156983	-1.52637519241998	-1.64947510296681	-1.26835169603923	-2.61575119682221
0.234533783448355	-0.446924177610509	0.0801807520695173	0.375529002436613	0.85592939755483	0.206047065190901
0.306836190187905	1.52918596638256	0.701495736211732	0.553710593255219	1.17866208579792	0.759065590744132
-0.958053769461968	-0.152801065196886	0.0758730007292575	0.931385870443492	0.306152136441684	0.136854130940578
-0.445510318084048	-0.0657659204773859	-0.426442251691165	-0.400615352382177	-0.720663442494963	0.0479626795766372
-1.03805164104935	-0.355088454091116	-1.1804675851656	0.096174837065574	-1.27759869880882	-2.20352926417819
-0.93550305462466	-1.44326138642741	-0.0923667786323843	-1.19673172079569	-1.29245451036586	-2.06371177484989
0.332264265100478	-0.727207697564885	0.160250534293601	0.717250014120306	-0.519584009181241	-0.615008199959338
-1.90025539766053	-1.63905324155053	-1.54493865564596	-0.790531505514476	-0.362154873954751	-0.917724594845709
0.529122469542122	1.31204142378744	0.155023016186403	0.45929917343449	0.923172240336514	1.32351906618823
2.3086409696548	2.40854615825019	1.16198825737986	4.01844372475302	2.03923535515064	2.38113727963355
0.592178692146762	0.612939787680894	1.43067119495833	-0.197028394528849	0.209334728274356	0.297970827668449
-0.223746829560243	-0.745381251760658	0.678969682457384	0.968056180260749	1.91267617348916	0.595543032576104
2.28355161760332	2.06206004984555	2.25733346340972	2.16238962577122	2.44359289423817	3.05623322694944
-0.403792548535474	-0.705677674223353	-0.294287867856834	-1.0042143447956	-0.664350065143116	-0.354731639089016
-0.310194850212789	0.643097019079129	0.360339209850363	0.802326016067791	2.29862097105878	1.03107285267988
1.35934154715856	0.0351948461461504	-0.238030238741217	-0.938405083105045	0.976938624770922	0.168543601637733
1.40931503347012	1.70278379098859	0.190567918197941	1.52795978391238	3.6098651657966	1.22731839439575
-0.993270348223619	-0.154509084338443	-1.25992180586891	-0.389522284188138	-0.478183877990547	-0.0960442098059159
-2.14300306321815	-1.75913020521987	-1.76543413399274	-2.29012188120655	-1.92274741919824	-1.7116157311446
0.758069426380126	0.625818913779306	1.13803350049561	1.26776426011785	0.442954375034508	1.18491563938894
-1.54296226957581	0.880406096640562	0.715845561215568	-0.224291527196594	1.37512984810556	-0.476928288780402
-1.5744074284747	-1.9406540705924	-2.46927191216646	-2.25517171852713	-1.78845494904726	-1.97171657943187
-1.2247467750902	-1.12429586508071	-0.784064432492488	-0.456085222210564	-1.31194416945051	-0.826264289451362
-2.16438769186244	-1.2017764622632	-1.37579008587814	-2.09617377942144	-2.39026745317947	-2.52006872209761
-0.437674809066677	0.191618948680293	-0.127944438799187	0.188384170301348	0.194489716917127	0.0221173609992486
-0.346706638309992	-0.544048227227972	0.0166859129258981	0.00435467620772237	1.21444409455322	0.618319756568042
1.29180085396806	-0.597304615151709	0.558220546396205	0.685365793187527	1.30349579170172	-0.158060570515703
-1.3937293259973	-1.48130595971238	-0.697154774938608	-1.86608312996912	-2.11083277302586	-1.20975316872078
1.29503962498004	1.93064050696784	0.625822975477548	0.673111198973031	2.57386298755877	0.752745989087273
-0.228658074685696	-0.486975850444206	0.0560594814262342	-0.0277070882575178	-0.464765433430456	-0.745908241879648
-0.811053712005117	-0.397181982274182	-0.28786905015373	1.29053445953154	0.4030185503322	0.0647442281297843
-1.97404643337438	-1.4376828147555	-2.08223098050886	-3.21644979820266	-2.75576168026032	-2.35228227931104
0.409630906354566	0.975710061975621	0.528950201703229	1.0216256353015	-0.63044651366606	1.46443637205559
1.19701729546704	1.08572734737316	0.749125594338256	1.23683321508937	3.04439132587131	1.95377162206589
-0.383510923335022	-0.572034279294254	0.0302808183929752	-0.464131704111399	0.342387012913272	-0.369189474835853
-0.305472501190294	0.864195369477811	-0.109070851005477	0.0705800200183256	-1.09821606108603	0.860189323032433
0.701348645374554	0.223167201507852	0.265608626111899	2.40166422958468	0.546535577423611	0.96988112263902
0.410385844971911	-1.26009007939215	1.07733827781252	-0.891250783502246	0.0232651289189185	-0.107746725229088
-0.200971812136802	1.23620450448867	0.239013273426821	-0.435471991302573	1.31795494415507	-0.482340653377125
1.36254306241579	0.589070206470564	1.32098313400399	0.0707202066908011	0.282617860965279	0.568841036517456
-0.100979779361826	-0.484810503325807	-0.315052335784582	-1.49452168198051	-0.141442666056942	-0.521443377822517
0.846451651115909	-0.250944712342688	-0.228956654896973	1.02429689937395	0.97900692884526	-0.418121883020814
2.21101664179027	0.609126098735038	2.53343999561488	2.542379094038	1.54338334631432	1.84974720647022
2.23875931475657	2.81133199967377	2.41775472562539	3.19618280389697	3.78857490499239	1.78133968858832
0.317182589154558	0.54594902960879	-0.162238294843796	-0.0314924335276417	1.96240293829962	0.930992204524637
0.0320493222219089	-2.47517342735624	-1.7942079426785	-1.7120585442464	-1.34241149592569	-1.69189430871979
-0.480715119597903	-0.655647605469933	0.0311389823727992	-2.47650509851921	-1.29956952513765	-0.169347012358262
-0.995264783819739	-0.873352898766242	-0.990900586279849	-1.87971075890172	-1.49935702584285	-1.20668010750004
-1.99446733420805	-1.8007052434014	-0.952573721762529	-0.126234482561033	-1.00255447875532	-0.11228360726897
-0.574735549151763	0.207399020890525	-0.114249686507808	-1.62893346093865	0.0945840242430971	0.135899348605895
2.44392834489631	1.86684755783411	1.28927306069854	1.62019639728109	0.713318796351322	1.28476043949742
0.272040788385821	-0.452031001825538	-0.725589796384179	-0.827624875797939	-0.381909103511793	0.8827624861729
-2.55501316154161	-0.841096743096892	-1.74579694942371	-1.06494733050624	-1.59484983203166	-2.03194856779091
5.07325974970533	2.39832212976881	2.9766803603268	2.93266012030663	3.89115078061999	3.55719686144997
0.0914252771364819	2.29148777941087	1.07745835076606	0.30348289618193	-0.492875406168356	1.60487144836157
-0.616172901476212	-0.933383537363647	-1.40678659090805	-1.407205983344	-1.10972285896182	-1.32894287043025
-1.36931458139405	-0.356304252323216	0.150301635904244	-0.850573605689063	-0.105178177170285	-0.670295799697701
-0.398940107264196	-1.09307442989956	-0.248262714947956	-1.49638976714549	-0.939832434551184	-0.633126525556593
-0.0610837407856727	-0.265987617987328	-1.0248272953873	-0.0390913984039731	-0.753075119013943	-0.719279250804925
0.458766783882238	-2.12704885730819	-0.632701493527969	-0.468246880526145	0.197195568406411	-0.773177670307619
1.34012857474909	0.0254078976728292	-0.177809474605293	-0.178049060757784	-0.828462600870972	-0.314956534675667
1.44640484583358	1.09612563188275	1.03510916487663	0.675993629383088	0.812958931851455	0.546269878651182
0.738724152092751	-0.731754876789257	0.838168654669214	3.2416746008452	1.61488792415063	1.81825164973164
0.547123179337914	-0.936399901896756	-0.651225288245274	0.599776267049491	-0.217093615523221	0.405751337257644
-1.11415213954472	0.61704481679899	0.675169007708728	0.423932301244856	1.55416943503221	0.474700153575945
1.16948347302527	0.908510468836481	1.54187895444881	0.704909892908522	0.587073651190747	0.630362513195015
-1.48210774023138	-0.299238733002814	0.40436033404421	-0.868449014100063	-0.245614947344123	0.0149957839547289
-0.569241777149291	1.34182899705382	-0.0423913205576377	-0.925971827630612	-0.334515774465344	-0.398069535717185
-1.31099429813605	-1.81409547160281	-0.957391385015071	-2.02447277481109	-1.37647918461858	-1.47451852916077
1.40179548850563	1.13921427988949	1.0932962790693	1.27625926571151	1.67102190571715	0.25657933283321
0.379348631404784	1.3377957908607	-0.354182960679497	0.79624148127661	0.234367728076909	0.753593158817754
-0.472585642102073	0.234877688660217	0.365485772215078	0.026659289521054	0.28270706273397	0.0466832999616619
1.62423760777597	1.28792411333124	0.958946138857306	0.791926924830727	2.30189555211639	1.68209073915237
0.857627458655475	-1.13570088022032	0.0410558050658428	1.54202681662828	0.666025208054881	-0.294709209638986
0.768352723740189	1.40346020538796	1.04646861789826	0.616064725127244	-0.0109597133899194	0.535927042983987
2.36797641940504	2.54747500192033	0.951489262864122	2.4078704665725	3.44037757581261	1.37303085700364
0.0633123389064788	0.0964115313906839	0.0739225022808608	0.80418075144884	0.581391485823209	0.0998209389206521
0.402819590588321	0.394771776144191	0.249612096042633	0.522230607754995	0.832505635219443	0.884856348971221
-0.717672022981463	0.0209676667211727	-1.05187275092508	-2.35104584490814	-1.72309157530546	-1.1190063370627
-0.277369157755203	0.255127996880372	0.411942831384794	1.65479348378198	0.877340853677993	0.785700218122431
-1.66501580878334	1.06556108454631	-0.745070732535488	-0.39150419609879	-0.6644186800317	-1.04107993562741
-0.326292728898606	0.544667849652628	-0.0245181899906287	-0.0254653920453911	-0.0644615535806244	-1.01621443162038
1.56418115392591	0.726601024942196	1.3265638185843	2.31905649498049	0.771552788108291	0.851192775529768
-0.316698345775296	-1.24296066333691	-0.0220837435517936	-0.363172152953895	0.279989840801128	-0.630051124803726
-0.0714905846512164	0.991560864027484	0.0806083093886968	-0.00553601665576553	-0.158912094134792	-0.195536206687277
-0.128201074389453	-0.313360075883205	0.0420406548977351	-0.493303323735406	-0.137580740177546	0.0354950825135854
-0.462225128676326	-1.31648974829812	-1.01956431695204	0.162968196929615	-0.978506773958798	-0.454401578799386
0.577605210536522	-0.0672645171444799	0.158913913762782	0.609360402171478	-1.54852474345316	-0.458619834378519
-1.6884848001925	-2.05642193814459	-0.808843484935398	-1.93913115132611	-1.79424052219566	-1.3954858938736
0.24480285479621	-0.558608543501764	0.0854892766585523	-1.16195703991969	0.589401890719445	0.124792639531669
0.955516733082076	0.0810997489157589	1.49369090361381	1.96774568822717	1.60960689376587	1.61861950032316
-0.976152650015496	-1.17235679081263	-1.1158444648216	-0.651966132320259	0.248752918848457	-0.91438652647638
0.859511456938191	1.42764171271835	0.74505029740473	0.975804289966355	1.07207103084464	2.48190400171994
2.37333705187579	2.13255797799592	1.65643756808087	0.874912473109063	2.47048581138162	2.2968341090573
-0.309203938928694	1.8097468323791	1.43357988444768	1.31896752400165	-0.0850831571014137	0.851237436942722
-0.0845475813775074	1.25610704981526	0.387688051154915	1.4833618220692	0.490040733657581	1.04078231578008
1.53697524958985	0.223819205237023	0.989230475701077	0.850368264693492	-0.232261711419164	0.349499175822367
-0.998570438300419	-1.42768963396812	-1.75340346773923	-1.41487561312674	-1.37891932673973	-2.98678115568901
-2.58563012291169	-1.92117980762356	-2.02250043244981	-1.60838785784881	-0.987621752963376	-0.888845810599668
0.388832295268108	-0.302866881033948	-0.834146241531835	-2.08792974085732	-0.606869617834497	-1.03382629979088
2.43011352634642	1.6459745804339	1.21436402449142	1.04636739422353	0.506688169249465	0.946778709998079
-0.926713162132183	0.0760301105867032	-0.0871505760356662	0.793723058987838	0.349454999477287	-0.366070176575978
0.750682787676461	0.382721102059607	-1.0320184555373	-1.4538558180787	-1.07683396759139	-0.600471209314534
-1.4335669337201	0.356343047169114	0.16512305490377	0.616056133756508	0.627198720337546	0.551665033413328
-0.232613435030344	-0.253947944243966	-0.228375287294025	-0.37774192917107	-0.544545394213746	0.623197380193908
0.827315660853461	0.304419942285578	0.434582335693324	1.6258994366429	1.62537412387584	0.951946310114473
1.26570003249453	0.792491298950765	1.30767380464563	1.42301861101282	1.34685409229852	1.79879427647584
-1.28183008835955	-1.42799194252206	-1.59066021542865	-0.663940687835414	-1.5892312152402	-2.1559673243429
-0.890104852311662	0.381471628799011	0.136521201119516	-0.948530876733176	-0.439623363269713	0.182694503427882
-0.598214820271677	-0.262146133594333	1.50819407945539	0.705636269448226	0.272658492809036	0.97752547227966
-1.81709853964617	-1.41152071817835	0.579662539949247	1.3466806481761	-0.0727552874351573	-0.595107558371867
-2.14345363299724	-2.63526329480668	-2.22147456552911	-2.63495836901724	-1.54507870883348	-1.45689738501289
-1.31889077288368	1.22787148704334	-1.37993433560588	0.345872912102258	-0.677223725607221	-0.477110709194547
-1.30469449215743	-0.930311680452452	-1.75743218868977	-1.1362012555176	-1.97778001189208	-1.59731160418133
-1.43207767266091	-1.70561421657966	-2.06504884780751	-0.82543015562159	-0.753422201338045	-1.67781644595907
0.865608730443271	0.0535096068760404	0.734173487383289	-0.281595901044714	0.261168265730602	0.913698348356766
-0.0744356596020134	-1.05757275018519	-0.564453906874234	0.304487553819696	-1.5003239587124	-1.86785030574171
0.788880875737718	0.806580105034894	1.24101839793389	0.312605480071245	0.423540989320527	0.45066754584292
1.48017337455148	0.595705310182797	1.22497156525912	1.79905054656215	2.80305016343863	1.11450071399427
0.776190025836708	1.24554576544132	1.89119612315067	1.48563836292491	0.338324578494053	1.70675725778086
1.25250921320659	-0.749452760588543	-0.398952260235274	0.0976152975311421	0.710681602247598	-0.0542484203843819
-2.27938051441549	-1.6524624383961	-2.05443578359678	-2.40904768919433	-1.43515939742256	-1.17221956137726
1.19854068422467	-0.325832189790279	-0.500412190166502	-1.10687226444292	-0.278396242587834	0.367578522290071
-0.192748948194498	0.908022499172125	0.203668962201874	2.0987306063912	1.33708642811365	0.52909228179245
-0.844371930185009	1.29584877695814	-0.337807441178294	-1.20306097067006	-0.167374162255359	-0.131020686405924
-0.407167414627991	-1.10464415585829	-0.674260634535038	-0.575039427154837	-0.71370494158775	-0.825504782674996
2.31882331465855	1.29299315361193	0.98239188890012	1.1300114666805	1.22550709933647	0.960185671184976
0.829695306890069	1.19838365682414	1.03986226471716	1.05400725789086	0.761255349286607	1.62757203263008
0.378055974123925	1.44980032151486	1.96299088642152	3.60818742373069	1.8748973999575	2.69024733148525
2.14468847241236	0.811100235381276	1.01661113092854	1.17584325851625	1.87318725535909	0.724933781751602
0.566591172101616	1.92758722985765	0.249398575080562	1.32703212337445	0.720143684112087	0.614132911258679
0.0956381257721495	-0.383393024231278	-0.302681301320076	0.460996920544024	1.33178555418063	0.576192229072638
-1.56148037814493	-1.74192566767482	-1.2556387059094	-0.568767993773056	-1.92561912825351	-1.62440084909978
-0.581973876681125	-0.22102759784538	-1.49241004345086	0.135416466854376	-2.05248942808356	-1.32124673491737
1.29217839571731	-0.439692186731396	-0.490401963708736	-2.29801398932226	0.346507073552828	-0.080719838774265
1.18096206849013	0.273116929776155	0.111891529535651	0.762312760502894	0.458903783259932	0.661959909390065
-0.322763088045578	-0.00954452344780041	-0.0278461990086569	1.18265425522055	-0.528480556593708	-0.0694745103142029
-0.017356236027819	0.665920858477424	-0.813885708160361	-1.91840110871539	-0.659775165914561	-0.622742993534741
0.00331004225807435	0.66347198954759	0.421660073962839	0.71345633937788	-0.00181150129358917	1.33856955487273
-1.3640721854537	-1.75935879897273	-0.668367924698553	-0.556034892154854	-0.97825591246826	-1.16987796400247
-2.18611587116687	-1.36474434259517	-0.350844809733641	-0.776973204167932	-0.441142750072368	-1.59656088517267
-0.0689330776279139	1.8247569164166	1.42689444646713	1.11146650902254	0.896244496042444	2.05516797727957
1.54157394503633	1.5555460861966	0.961234513867898	-0.551560517895737	0.960827883517419	0.108924473943461
-0.542336499519925	-1.06829074506032	-0.951042204483036	-1.15461769141339	-2.0519484485781	-1.66795169561152
2.47804000281676	1.31869181604661	1.63072557661776	1.37441024298502	1.48685815517141	2.0849298054079
-0.365515816255232	-0.574058969911875	-0.0440888713696241	-0.680101821130126	0.0562490466001024	-0.976212120968149
0.46062077082001	-0.587486573727249	-0.431231440806037	0.156191730181084	-0.78135754454845	-0.282417931917165
-3.07670601715896	-2.94703363805591	-3.64732593253896	-3.52293497359496	-4.19027808687371	-2.21987694080111
2.86099368589203	3.04852859993429	3.06145962103796	2.91116127316573	2.61131618059826	2.26392388669861
0.666355887403713	1.19420746134187	1.27392718886613	0.970261529013629	0.218768434503067	0.865147361130304
-0.0327729057231373	-0.661267516428394	-0.939248715180399	-1.43032803576659	-0.379094339044134	-0.71097473007447
-1.79190545898322	-2.58723599815791	-1.31752108658427	-2.21329552916891	-1.26326860113521	-1.05307304269692
-1.10636632468482	-0.546366052324231	-0.431981839852234	-1.31768835630717	-0.510781910949628	-1.23146198139737
1.23426871211094	1.25743520178213	0.960958120653441	2.01906975772864	1.97303060867933	1.29361392921934
-1.23113062202055	-2.11405083132233	-2.04379511652394	-2.78437821094196	-3.02002450793273	-2.57930606325894
2.54735241075978	1.80836821403205	2.42617134111063	1.0567131147984	1.453936170733	1.52286243574587
0.608166941898501	-0.371388383093509	0.838153635399463	1.63482381430882	2.12624019406688	2.03319310248125
-0.16450366306454	-0.331729447417983	-0.0385850923666572	-0.1699263822224	-0.152129843788399	1.18135817062089
-2.34165560537661	-2.26893964702677	-1.75368233639178	-3.38922163847176	-1.13507205432267	-2.76489534153618
-0.383841348160825	-0.238516079133104	-0.885684311763053	-1.07992797330977	-0.346288978369766	-0.170452895706321
-1.34870281211313	0.709761300736596	-0.594795482219569	-1.57292868705844	-0.953657422330812	-0.692554426153322
-2.64213243374386	-0.794871323383526	-2.03666697848229	-1.69752750801249	-1.74811682644403	-1.69497790899137
